id_str,retweet_count,favorite_count
892420643555336193,7125,34288
892177421306343426,5369,29737
891815181378084864,3533,22378
891689557279858688,7318,37455
891327558926688256,7873,35777
891087950875897856,2645,18061
890971913173991426,1696,10517
890729181411237888,16019,57649
890609185150312448,3673,24888
890240255349198849,6188,28361
890006608113172480,6241,27395
889880896479866881,4226,24916
889665388333682689,8482,42673
889638837579907072,3774,23989
889531135344209921,1906,13531
889278841981685760,4510,22415
888917238123831296,3817,25986
888804989199671297,3597,22785
888554962724278272,2921,17587
888078434458587136,2946,19415
887705289381826560,4592,26995
887517139158093824,9983,41323
887473957103951883,15242,61036
887343217045368832,8939,29996
887101392804085760,5064,27358
886983233522544640,6442,30825
886736880519319552,2676,10641
886680336477933568,3798,20032
886366144734445568,2674,18830
886267009285017600,3,104
886258384151887873,5364,24905
886054160059072513,93,0
885984800019947520,5701,29003
885528943205470208,5416,32036
885518971528720385,3163,18259
885311592912609280,15685,0
885167619883638784,3713,19506
884925521741709313,15258,68221
884876753390489601,4730,24742
884562892145688576,3974,21626
884441805382717440,4856,24207
884247878851493888,17160,64208
884162670584377345,2529,18191
883838122936631299,2905,19460
883482846933004288,8386,40799
883360690899218434,3123,20226
883117836046086144,5616,33007
882992080364220416,3281,21274
882762694511734784,4147,25146
882627270321602560,5149,24966
882268110199369728,9808,39759
882045870035918850,4137,26123
881906580714921986,2895,21747
881666595344535552,9083,45203
881633300179243008,8,113
881536004380872706,13607,44054
881268444196462592,4546,20778
880935762899988482,2370,15271
880872448815771648,3252,19002
880465832366813184,5294,25358
880221127280381952,3530,24013
880095782870896641,3707,24684
879862464715927552,2967,19987
879674319642796034,9,282
879492040517615616,2668,21019
879415818425184262,37991,94176
879376492567855104,2680,15045
879130579576475649,5817,0
879050749262655488,4011,20107
879008229531029506,2281,17024
878776093423087618,3494,17373
878604707211726852,6011,26813
878404777348136964,1086,0
878316110768087041,5619,0
878281511006478336,1086,6892
878057613040115712,5817,37652
877736472329191424,16058,70293
877611172832227328,70,0
877556246731214848,3215,20234
877316821321428993,4419,24514
877201837425926144,4703,24187
876838120628539392,2846,18478
876537666061221889,4040,21323
876484053909872640,2031,16794
876120275196170240,3964,25048
875747767867523072,3629,22467
875144289856114688,4205,19675
875097192612077568,5202,24598
875021211251597312,4034,22878
874680097055178752,3982,24938
874434818259525634,12400,0
874296783580663808,3529,23330
874057562936811520,3427,20423
874012996292530176,8702,30573
873580283840344065,3383,21735
873337748698140672,1344,0
873213775632977920,1344,6407
872967104147763200,4623,24403
872820683541237760,3212,13234
872620804844003328,3111,18609
872486979161796608,7825,36628
872122724285648897,6958,30688
871879754684805121,9386,33588
871762521631449091,3015,18147
871515927908634625,2990,18157
871166179821445120,4959,0
871102520638267392,4765,18819
871032628920680449,3278,20459
870804317367881728,5343,30253
870726314365509632,3,106
870656317836468226,2234,11033
870374049280663552,23112,75072
870308999962521604,3601,19774
870063196459192321,7186,32858
869772420881756160,8811,38499
869702957897576449,5462,25415
869596645499047938,2676,14409
869227993411051520,3248,18396
868880397819494401,12459,58792
868639477480148993,1779,0
868622495443632128,4556,23997
868552278524837888,1779,9114
867900495410671616,3623,21901
867774946302451713,6337,30637
867421006826221569,2149,14543
867072653475098625,102,0
867051520902168576,6878,29124
866720684873056260,4184,18098
866686824827068416,3003,17379
866450705531457537,30730,110428
866334964761202691,12400,47296
866094527597207552,7277,0
865718153858494464,4924,23266
865359393868664832,4364,23941
865006731092295680,6764,25412
864873206498414592,7579,29210
864279568663928832,2622,13256
864197398364647424,7701,27035
863907417377173506,3641,18717
863553081350529029,3682,13872
863471782782697472,2116,0
863432100342583297,4620,21631
863427515083354112,81,1986
863079547188785154,971,7991
863062471531167744,2116,7631
862831371563274240,4525,17438
862722525377298433,3130,15552
862457590147678208,4311,18514
862096992088072192,20288,67190
861383897657036800,9413,32753
861288531465048066,3645,15578
861005113778896900,3379,15229
860981674716409858,1879,0
860924035999428608,689,0
860563773140209665,1879,6824
860524505164394496,4677,21563
860276583193509888,3116,16838
860184849394610176,5185,15221
860177593139703809,27229,0
859924526012018688,3638,17908
859851578198683649,3121,14169
859607811541651456,1378,17070
859196978902773760,26712,81690
859074603037188101,12140,30877
858860390427611136,7191,0
858843525470990336,3069,14322
858471635011153920,4325,19793
858107933456039936,2570,14454
857989990357356544,2297,14723
857746408056729600,9494,31290
857393404942143489,1460,5388
857263160327368704,4032,18489
857214891891077121,16,207
857062103051644929,149,0
857029823797047296,3545,17304
856543823941562368,2584,15067
856526610513747968,1677,10998
856288084350160898,15,491
856282028240666624,5658,25609
855862651834028034,22,308
855860136149123072,867,4490
855857698524602368,1889,11002
855851453814013952,16387,42570
855818117272018944,4887,24634
855459453768019968,7404,27513
855245323840757760,5360,0
855138241867124737,36,0
854732716440526848,5458,21017
854482394044301312,6122,27009
854365224396361728,4230,17469
854120357044912130,6717,29630
854010172552949760,2842,15077
853760880890318849,5195,26501
853639147608842240,9014,32029
853299958564483072,3222,14375
852936405516943360,1815,0
852912242202992640,1634,8375
852672615818899456,1962,13883
852553447878664193,3164,15131
852311364735569921,9023,30818
852226086759018497,6186,18607
852189679701164033,1445,10732
851861385021730816,19,0
851591660324737024,3179,15191
851464819735769094,6419,22633
851224888060895234,5253,19327
850753642995093505,8232,28595
850380195714523136,2378,12256
850333567704068097,304,3239
850145622816686080,3452,15250
850019790995546112,4457,19074
849776966551130114,6935,28361
849668094696017920,4526,0
849412302885593088,2881,14882
849336543269576704,1723,10732
849051919805034497,7758,39638
848690551926992896,3979,23646
848324959059550208,4219,23206
848213670039564288,661,7661
848212111729840128,2766,15287
847978865427394560,2987,0
847971574464610304,404,0
847962785489326080,4662,22096
847842811428974592,1209,5098
847617282490613760,380,6586
847606175596138505,3142,17625
847251039262605312,3987,19284
847157206088847362,5337,18678
847116187444137987,2925,20199
846874817362120707,3614,18918
846514051647705089,10579,41837
846505985330044928,2822,13289
846153765933735936,8322,29607
846139713627017216,9314,29255
846042936437604353,2633,15061
845812042753855489,7995,27486
845677943972139009,4443,23805
845397057150107648,1640,7211
845306882940190720,4961,21972
845098359547420673,7064,0
844979544864018432,2351,12869
844973813909606400,2912,14166
844580511645339650,2864,15533
844223788422217728,2018,12927
843981021012017153,2739,14366
843856843873095681,4246,20276
843604394117681152,2526,15977
843235543001513987,5518,20301
842846295480000512,3366,14458
842765311967449089,1187,6390
842535590457499648,3243,17180
842163532590374912,5360,23097
842115215311396866,2805,13236
841833993020538882,13821,0
841680585030541313,7271,24428
841439858740625411,3379,11941
841320156043304961,5114,18727
841314665196081154,4300,14997
841077006473256960,4959,21686
840761248237133825,1637,0
840728873075638272,14895,0
840698636975636481,2,168
840696689258311684,903,11649
840632337062862849,1637,8557
840370681858686976,4246,15578
840268004936019968,5315,18211
839990271299457024,2105,12735
839549326359670784,7191,26004
839290600511926273,135,0
839239871831150596,6038,25649
838952994649550848,3725,18677
838921590096166913,1892,10583
838916489579200512,31,0
838831947270979586,10228,0
838561493054533637,1243,10425
838476387338051585,4411,21297
838201503651401729,9363,0
838150277551247360,312,1583
838085839343206401,1,134
838083903487373313,2897,16734
837820167694528512,7277,32339
837482249356513284,413,3662
837471256429613056,2101,12177
837110210464448512,2206,15299
836989968035819520,2150,12146
836753516572119041,4326,18414
836677758902222849,2060,12023
836648853927522308,516,0
836397794269200385,25551,0
836380477523124226,2793,14121
836260088725786625,4043,20292
836001077879255040,3969,18168
835685285446955009,7577,0
835574547218894849,3368,16950
835536468978302976,1574,0
835309094223372289,19501,0
835297930240217089,2792,15710
835264098648616962,1574,7361
835246439529840640,64,2012
835172783151792128,5374,24947
835152434251116546,2815,21273
834931633769889797,1517,10276
834786237630337024,5184,20515
834574053763584002,2356,13000
834477809192075265,9943,0
834458053273591808,1569,9171
834209720923721728,4420,19566
834167344700198914,3430,15085
834089966724603904,2004,9588
834086379323871233,2065,12446
833863086058651648,2248,12823
833826103416520705,3544,17332
833732339549220864,210,0
833722901757046785,3041,19979
833479644947025920,1913,14225
833124694597443584,4526,19294
832998151111966721,2056,12634
832769181346996225,38,0
832757312314028032,3389,16096
832682457690300417,2715,11328
832645525019123713,495,2791
832636094638288896,2604,15135
832397543355072512,2071,11428
832369877331693569,2987,16386
832273440279240704,2187,10844
832215909146226688,5825,0
832215726631055365,8727,0
832088576586297345,2,60
832040443403784192,8980,0
832032802820481025,4370,17043
831939777352105988,5750,22859
831926988323639298,34,324
831911600680497154,6082,26248
831670449226514432,1713,9955
831650051525054464,1815,6799
831552930092285952,2196,8580
831322785565769729,1469,8911
831315979191906304,1050,6269
831309418084069378,2309,11289
831262627380748289,1924,11356
830956169170665475,1403,7636
830583320585068544,15685,63481
830173239259324417,5335,0
830097400375152640,2757,9306
829878982036299777,4683,0
829861396166877184,1813,11710
829501995190984704,9943,30345
829449946868879360,1892,10023
829141528400556032,6881,23247
829011960981237760,15380,51024
828801551087042563,3218,0
828770345708580865,5497,24460
828708714936930305,10519,34806
828650029636317184,1262,9108
828409743546925057,1097,6107
828408677031882754,1209,7364
828381636999917570,2092,12053
828376505180889089,1005,7089
828372645993398273,2767,12064
828361771580813312,168,2097
828046555563323392,2706,11221
828011680017821696,2030,9924
827933404142436356,4922,19159
827653905312006145,2839,14838
827600520311402496,877,7171
827324948884643840,2853,15187
827199976799354881,2092,10160
826958653328592898,4683,20626
826848821049180160,9509,34563
826615380357632002,3751,0
826598799820865537,233,4926
826598365270007810,2210,9584
826476773533745153,3966,17603
826240494070030336,2448,12709
826204788643753985,865,4674
826115272272650244,2927,14960
825876512159186944,1753,10053
825829644528148480,2365,12231
825535076884762624,16647,54777
825147591692263424,4253,17539
825120256414846976,1180,0
825026590719483904,1180,5995
824796380199809024,5185,0
824775126675836928,3321,14300
824663926340194305,1668,10069
824325613288833024,10063,11346
824297048279236611,3637,14428
824025158776213504,572,4650
823939628516474880,2577,10219
823719002937630720,10526,0
823699002998870016,2372,13428
823581115634085888,2478,12462
823333489516937216,21,670
823322678127919110,3784,15056
823269594223824897,9360,0
822975315408461824,3254,16637
822872901745569793,40627,125852
822859134160621569,2143,12659
822647212903690241,6034,0
822610361945911296,2777,14189
822489057087389700,6035,17372
822462944365645825,13398,26669
822244816520155136,9360,33566
822163064745328640,4467,0
821886076407029760,2175,10837
821813639212650496,3169,0
821765923262631936,1577,8033
821522889702862852,1651,7691
821421320206483457,5230,0
821407182352777218,4062,11237
821153421864615936,9,236
821149554670182400,1849,8231
821107785811234820,2003,9211
821044531881721856,2156,12145
820837357901512704,6344,0
820749716845686786,9363,30273
820690176645140481,3050,11745
820494788566847489,532,0
820446719150292993,2431,0
820314633777061888,532,3220
820078625395449857,5898,18944
820013781606658049,1100,0
819952236453363712,1100,5109
819924195358416896,4612,12423
819711362133872643,2924,12807
819588359383371776,1896,9290
819347104292290561,1133,6946
819238181065359361,388,2168
819227688460238848,6344,22102
819015337530290176,35102,0
819015331746349057,18061,0
819006400881917954,18061,43602
819004803107983360,35102,83765
818646164899774465,19785,0
818627210458333184,7169,21537
818614493328580609,2385,9453
818588835076603904,5780,0
818536468981415936,2313,10413
818307523543449600,7593,0
818259473185828864,2125,10559
818145370475810820,2413,11782
817908911860748288,754,4666
817827839487737858,25551,49337
817777686764523521,2552,10370
817536400337801217,2770,11285
817502432452313088,3203,0
817423860136083457,13821,32356
817415592588222464,902,5376
817181837579653120,8006,0
817171292965273600,1908,8423
817120970343411712,2459,11713
817056546584727552,1549,8265
816829038950027264,4457,0
816816676327063552,1919,9626
816697700272001025,2081,9399
816450570814898180,7593,29122
816336735214911488,1831,8284
816091915477250048,2014,8600
816062466425819140,958,0
816014286006976512,4957,0
815990720817401858,958,4756
815966073409433600,8006,21488
815745968457060357,3925,0
815736392542261248,2151,9463
815639385530101762,1569,7926
815390420867969024,3624,9943
814986499976527872,1204,7362
814638523311648768,2558,10855
814578408554463233,5543,0
814530161257443328,1755,8323
814153002265309185,8225,27670
813944609378369540,3013,0
813910438903693312,1764,8968
813812741911748608,13248,35076
813800681631023104,1672,8010
813217897535406080,6947,17916
813202720496779264,1733,8906
813187593374461952,4119,19133
813172488309972993,1838,8935
813157409116065792,2092,7473
813142292504645637,2280,8203
813130366689148928,426,4336
813127251579564032,2958,11381
813112105746448384,2603,9943
813096984823349248,3447,10183
813081950185472002,2644,9558
813066809284972545,1865,7661
813051746834595840,6983,20210
812781120811126785,1808,7258
812709060537683968,1373,6383
812503143955202048,1169,5851
812466873996607488,1827,7680
812372279581671427,3490,13144
811985624773361665,1332,7018
811744202451197953,1511,7275
811647686436880384,701,5398
811627233043480576,2911,12258
811386762094317568,6074,20140
810984652412424192,1358,5129
810896069567610880,1669,8676
810657578271330305,2511,10568
810284430598270976,10677,33858
810254108431155201,3218,14181
809920764300447744,3751,15017
809808892968534016,4665,0
809448704142938112,1394,6718
809220051211603969,5335,19188
809084759137812480,3365,12751
808838249661788160,2909,9791
808733504066486276,2061,7623
808501579447930884,2485,10938
808344865868283904,19785,40796
808134635716833280,5614,0
808106460588765185,2095,8525
808001312164028416,3363,12050
807621403335917568,3450,14075
807106840509214720,52581,113381
807059379405148160,6992,0
807010152071229440,3696,12683
806629075125202948,32918,71699
806620845233815552,5232,0
806576416489959424,1859,4728
806542213899489280,2252,9866
806242860592926720,11064,0
806219024703037440,1150,6235
805958939288408065,5103,0
805932879469572096,1833,8025
805826884734976000,1741,6346
805823200554876929,7608,0
805520635690676224,1581,5558
805487436403003392,2411,8486
805207613751304193,1645,7586
804738756058218496,3654,13199
804475857670639616,1924,5933
804413760345620481,3066,0
804026241225523202,15304,42728
803773340896923648,2614,9701
803692223237865472,7063,0
803638050916102144,3957,10555
803380650405482500,1793,7513
803321560782307329,5047,0
803276597545603072,2330,9690
802952499103731712,1908,8718
802624713319034886,2771,0
802600418706604034,1399,6872
802572683846291456,2407,8663
802323869084381190,5583,15595
802265048156610565,1318,6709
802239329049477120,2506,8788
802185808107208704,260,0
801958328846974976,1620,7483
801854953262350336,222,1745
801538201127157760,1987,7948
801285448605831168,785,5840
801167903437357056,5614,23534
801127390143516673,3772,0
801115127852503040,2008,7794
800859414831898624,91,655
800855607700029440,1533,0
800751577355128832,2670,10247
800513324630806528,2867,12710
800459316964663297,2087,9186
800443802682937345,4107,0
800388270626521089,2663,10768
800188575492947969,3770,0
800141422401830912,2431,14743
800018252395122689,12519,27277
799774291445383169,4444,0
799757965289017345,2043,8091
799422933579902976,1831,7797
799308762079035393,5180,0
799297110730567681,2613,9528
799063482566066176,2381,7804
798933969379225600,4235,12611
798925684722855936,1383,7273
798705661114773508,6329,0
798701998996647937,7380,0
798697898615730177,6198,0
798694562394996736,4733,0
798686750113755136,2213,0
798682547630837760,4510,0
798673117451325440,5309,0
798665375516884993,3734,0
798644042770751489,1770,0
798628517273620480,1889,0
798585098161549313,5382,0
798576900688019456,5591,0
798340744599797760,3194,0
798209839306514432,2459,10083
797971864723324932,2950,11156
797545162159308800,4680,14073
797236660651966464,6261,19226
797165961484890113,25,217
796904159865868288,8510,0
796865951799083009,1861,7428
796759840936919040,2891,11383
796563435802726400,6878,0
796484825502875648,1677,7294
796387464403357696,3963,10624
796177847564038144,13608,0
796149749086875649,13608,31023
796125600683540480,1714,4810
796116448414461957,2293,8782
796080075804475393,2201,8154
796031486298386433,3561,10437
795464331001561088,22348,47542
795400264262053889,2727,9666
795076730285391872,5185,15605
794983741416415232,3205,0
794926597468000259,2197,9861
794355576146903043,9819,0
794332329137291264,2572,9288
794205286408003585,3167,8907
793962221541933056,4665,16174
793845145112371200,1776,8918
793614319594401792,2989,0
793601777308463104,1542,7690
793500921481273345,2264,10293
793286476301799424,8727,23699
793271401113350145,2296,8399
793256262322548741,7946,19244
793241302385262592,3137,10128
793226087023144960,2761,9438
793210959003287553,2654,8605
793195938047070209,5361,14666
793180763617361921,1906,6667
793165685325201412,2665,9039
793150605191548928,1619,5944
793135492858580992,2399,6189
793120401413079041,3742,12213
792913359805018113,3774,13797
792883833364439040,4072,10896
792773781206999040,1609,7109
792394556390137856,4076,12928
792050063153438720,1697,6886
791821351946420224,20073,0
791784077045166082,9059,0
791780927877898241,3630,0
791774931465953280,21116,43335
791672322847637504,2989,11330
791406955684368384,3925,12681
791312159183634433,2412,8461
791026214425268224,3883,0
790987426131050500,2030,9465
790946055508652032,4457,16110
790723298204217344,2193,0
790698755171364864,1836,7940
790581949425475584,6765,19888
790337589677002753,1802,7565
790277117346975746,3013,12108
790227638568808452,3376,0
789986466051088384,2193,8951
789960241177853952,3906,0
789903600034189313,3936,9942
789628658055020548,1680,7220
789599242079838210,1828,6482
789530877013393408,3205,11289
789314372632018944,2175,8324
789280767834746880,4669,0
789268448748703744,2487,8795
789137962068021249,2653,9375
788908386943430656,11886,26447
788765914992902144,9819,26322
788552643979468800,6783,0
788412144018661376,5015,14946
788178268662984705,2006,6999
788150585577050112,1217,5885
788070120937619456,3264,0
788039637453406209,1251,5889
787810552592695296,2889,8285
787717603741622272,2633,9868
787397959788929025,2716,10503
787322443945877504,1650,7517
787111942498508800,6408,0
786963064373534720,7577,25667
786729988674449408,2310,0
786709082849828864,5825,17610
786664955043049472,2410,10199
786595970293370880,2984,9133
786363235746385920,3288,10450
786286427768250368,2687,7665
786233965241827333,4467,14649
786051337297522688,151,1374
786036967502913536,6610,0
785927819176054784,3043,10976
785872687017132033,1700,6445
785639753186217984,2131,7583
785533386513321988,1877,8727
785515384317313025,1191,5889
785264754247995392,1544,6983
785170936622350336,4576,11549
784826020293709826,3066,9718
784517518371221505,2396,8615
784431430411685888,1206,5519
784183165795655680,7608,19244
784057939640352768,10526,28556
783839966405230592,10228,28781
783821107061198850,1861,7084
783695101801398276,3045,10038
783466772167098368,2117,8113
783391753726550016,5181,16219
783347506784731136,5241,0
783334639985389568,11064,27933
783085703974514689,2056,7838
782969140009107456,6992,23199
782747134529531904,1338,7186
782722598790725632,5103,16543
782598640137187329,1787,7503
782305867769217024,5230,15947
782021823840026624,5843,0
781955203444699136,3187,10720
781661882474196992,2574,10030
781655249211752448,1073,3843
781524693396357120,5232,19924
781308096455073793,2422,6854
781251288990355457,1967,8060
781163403222056960,2618,9428
780931614150983680,6878,20776
780858289093574656,1900,6911
780800785462489090,1225,5267
780601303617732608,3169,11606
780543529827336192,1655,6034
780496263422808064,3478,0
780476555013349377,105,0
780459368902959104,1016,5078
780192070812196864,2121,8345
780092040432480260,2173,0
780074436359819264,4665,11594
779834332596887552,6610,18022
779377524342161408,2942,8383
779124354206535695,17248,0
779056095788752897,4284,14145
778990705243029504,6764,19038
778774459159379968,9312,0
778764940568104960,345,829
778748913645780993,1231,6564
778650543019483137,1412,5499
778624900596654080,958,4405
778408200802557953,4079,13054
778396591732486144,11513,0
778383385161035776,1034,5595
778286810187399168,3122,9905
778039087836069888,2504,8097
778027034220126208,1512,6294
777953400541634568,3321,0
777885040357281792,1540,6083
777684233540206592,2771,10768
777641927919427584,3981,0
777621514455814149,2370,8362
777189768882946048,4054,13550
776819012571455488,12846,0
776813020089548800,1136,4674
776477788987613185,2604,8394
776249906839351296,8606,0
776218204058357768,14946,28501
776201521193218049,2376,9157
776113305656188928,4107,11294
776088319444877312,142,1743
775898661951791106,15786,0
775842724423557120,2503,11214
775733305207554048,3772,13292
775729183532220416,4357,12438
775364825476165632,2775,7049
775350846108426240,3687,9714
775085132600442880,4444,14858
774757898236878852,1683,8262
774639387460112384,1638,6450
774314403806253056,5180,20860
773985732834758656,3636,10301
773922284943896577,1649,6130
773704687002451968,1524,6322
773670353721753600,1245,5124
773547596996571136,5780,21107
773336787167145985,4761,0
773308824254029826,7064,22338
773247561583001600,3062,9037
773191612633579521,3879,9554
772877495989305348,3645,8183
772826264096874500,2232,7687
772615324260794368,3175,0
772581559778025472,1607,6207
772193107915964416,1307,5743
772152991789019136,1067,3647
772117678702071809,695,3603
772114945936949249,447,2617
772102971039580160,883,3825
771908950375665664,1782,6279
771770456517009408,3194,11471
771500966810099713,2455,7893
771380798096281600,4761,10055
771171053431250945,6989,0
771136648247640064,2750,8741
771102124360998913,1354,5954
771014301343748096,1560,6585
770787852854652928,1126,4702
770772759874076672,1342,4952
770655142660169732,1685,7021
770414278348247044,1964,6048
770293558247038976,1374,5918
770093767776997377,2866,0
770069151037685760,2152,7240
769940425801170949,8980,29755
769695466921623552,1588,6138
769335591808995329,7251,0
769212283578875904,1624,5145
768970937022709760,6104,13590
768909767477751808,2496,0
768855141948723200,838,3994
768609597686943744,1122,3911
768596291618299904,1209,4815
768554158521745409,5469,0
768473857036525572,3214,12981
768193404517830656,3321,10367
767884188863397888,1280,4525
767754930266464257,5047,15232
767500508068192258,2186,7150
767191397493538821,3536,11720
767122157629476866,2690,9689
766793450729734144,1275,4822
766714921925144576,356,2491
766693177336135680,745,3840
766423258543644672,1474,5719
766313316352462849,1767,6452
766078092750233600,2462,0
766069199026450432,794,4015
766008592277377025,468,3596
765719909049503744,2028,6911
765669560888528897,1154,4932
765395769549590528,3181,25506
765371061932261376,2046,6767
765222098633691136,3175,11068
764857477905154048,1669,6163
764259802650378240,1418,5733
763956972077010945,50,739
763837565564780549,3883,11954
763183847194451968,1392,5126
763167063695355904,2814,0
763103485927849985,2160,7028
762699858130116608,3376,11550
762471784394268675,6008,10681
762464539388485633,3906,9796
762316489655476224,1039,4560
762035686371364864,14547,30234
761976711479193600,1862,5141
761750502866649088,3647,0
761745352076779520,812,4082
761672994376806400,27229,46962
761599872357261312,1113,3941
761371037149827077,16956,0
761334018830917632,1362,4925
761292947749015552,1022,4272
761227390836215808,1475,5081
761004547850530816,3264,10804
760893934457552897,909,3630
760656994973933572,1778,6264
760641137271070720,1205,4756
760539183865880579,3388,7193
760521673607086080,1303,3986
760290219849637889,10752,25495
760252756032651264,811,3764
760190180481531904,1677,5437
760153949710192640,30,0
759943073749200896,1952,5637
759846353224826880,1838,6386
759793422261743616,1785,5672
759557299618865152,1124,4455
759447681597108224,2310,8076
759446261539934208,459,1590
759197388317847553,1824,5791
759159934323924993,1090,0
759099523532779520,3890,13806
759047813560868866,1877,6156
758854675097526272,857,3383
758828659922702336,3615,10654
758740312047005698,1517,5451
758474966123810816,932,3601
758467244762497024,2055,4549
758405701903519748,1784,4942
758355060040593408,981,3208
758099635764359168,9312,18011
758041019896193024,345,2570
757741869644341248,3068,6525
757729163776290825,7340,0
757725642876129280,1124,4309
757611664640446465,1018,4352
757597904299253760,283,0
757596066325864448,980,4129
757400162377592832,6421,14349
757393109802180609,1613,5516
757354760399941633,1318,4276
756998049151549440,1862,5968
756939218950160384,1875,6314
756651752796094464,1211,4787
756526248105566208,3361,9855
756303284449767430,1030,3747
756288534030475264,16575,41854
756275833623502848,1435,6069
755955933503782912,2675,6925
755206590534418437,4985,15570
755110668769038337,10360,20077
754874841593970688,7371,0
754856583969079297,2345,6541
754747087846248448,485,2449
754482103782404096,1821,5022
754449512966619136,687,3556
754120377874386944,2201,7503
753655901052166144,2031,5530
753420520834629632,3301,7464
753398408988139520,1767,5448
753375668877008896,2173,7254
753298634498793472,5300,0
753294487569522689,973,3169
753039830821511168,19501,35122
753026973505581056,891,3722
752932432744185856,6408,11939
752917284578922496,1466,6593
752701944171524096,2668,0
752682090207055872,1486,5696
752660715232722944,1454,4134
752568224206688256,2124,5200
752519690950500352,3213,6979
752334515931054080,1026,3636
752309394570878976,15117,0
752173152931807232,1705,5639
751950017322246144,850,2897
751937170840121344,1222,4903
751830394383790080,1820,5520
751793661361422336,2680,5495
751598357617971201,2872,7537
751583847268179968,1018,4161
751538714308972544,1167,4790
751456908746354688,937,3065
751251247299190784,5479,11900
751205363882532864,1698,5998
751132876104687617,1204,4800
750868782890057730,1275,4545
750719632563142656,4669,12466
750506206503038976,1072,4199
750429297815552001,3981,12459
750383411068534784,1061,4324
750381685133418496,27,676
750147208377409536,887,2958
750132105863102464,1205,3426
750117059602808832,1231,4122
750101899009982464,788,2899
750086836815486976,497,2053
750071704093859840,3093,7373
750056684286914561,841,3000
750041628174217216,577,3007
750026558547456000,732,2572
750011400160841729,836,3050
749996283729883136,765,2886
749981277374128128,2309,4843
749774190421639168,1241,4425
749417653287129088,1534,5779
749403093750648834,499,2474
749395845976588288,3213,8089
749317047558017024,2081,5172
749075273010798592,1922,5446
749064354620928000,1433,4561
749036806121881602,741,2934
748977405889503236,3178,10192
748932637671223296,2099,5494
748705597323898880,891,2628
748699167502000129,1478,4484
748692773788876800,1244,4000
748575535303884801,1842,5738
748568946752774144,626,2082
748346686624440324,1144,4940
748337862848962560,3809,7171
748324050481647620,709,3506
748307329658011649,666,3500
748220828303695873,7235,13331
747963614829678593,1990,5454
747933425676525569,2395,6261
747885874273214464,897,2763
747844099428986880,691,2665
747816857231626240,1082,4564
747651430853525504,143,1292
747648653817413632,5421,12149
747600769478692864,528,2198
747594051852075008,963,3469
747512671126323200,1500,5210
747461612269887489,967,3653
747439450712596480,1776,5104
747242308580548608,2696,0
747219827526344708,1459,4960
747204161125646336,848,3171
747103485104099331,3687,9011
746906459439529985,275,2758
746872823977771008,1985,5659
746818907684614144,1622,5022
746790600704425984,1492,4593
746757706116112384,3630,9000
746726898085036033,1668,5717
746542875601690625,1768,4759
746521445350707200,916,0
746507379341139972,1003,4402
746369468511756288,1514,5854
746131877086527488,2031,6490
746056683365994496,755,3376
745789745784041472,986,3752
745712589599014916,2165,6606
745433870967832576,2354,6657
745422732645535745,2236,8072
745314880350101504,2535,6721
745074613265149952,3244,7405
745057283344719872,2077,6858
744995568523612160,573,2789
744971049620602880,2482,7415
744709971296780288,1465,5306
744334592493166593,1967,6420
744234799360020481,71973,146857
744223424764059648,333,1549
743980027717509120,1023,3947
743895849529389061,897,3452
743835915802583040,1911,0
743609206067040256,1291,4216
743595368194129920,6053,17218
743545585370791937,878,3327
743510151680958465,3474,7505
743253157753532416,1139,3990
743222593470234624,1776,5840
743210557239623680,1259,3611
742534281772302336,3331,6645
742528092657332225,1823,4168
742465774154047488,3655,6842
742423170473463808,3478,9248
742385895052087300,1816,6396
742161199639494656,1266,4059
742150209887731712,1434,4795
741793263812808706,1402,4277
741743634094141440,2549,7679
741438259667034112,758,3472
741303864243200000,2984,8266
741099773336379392,5119,9363
741067306818797568,2866,9007
740995100998766593,2519,5941
740711788199743490,882,3193
740699697422163968,720,2691
740676976021798912,6329,17106
740373189193256964,12335,33020
740365076218183684,392,2289
740359016048689152,808,3086
740214038584557568,1815,6289
739979191639244800,5469,18778
739932936087216128,997,3817
739844404073074688,803,3587
739623569819336705,1259,3544
739606147276148736,1524,5066
739544079319588864,19591,37008
739485634323156992,2684,6684
739238157791694849,53740,108719
738891149612572673,6,95
738885046782832640,1059,3552
738883359779196928,730,3088
738537504001953792,1422,4769
738402415918125056,760,3053
738184450748633089,1128,4043
738166403467907072,3087,8204
738156290900254721,593,2327
737826014890496000,1633,4925
737800304142471168,3214,9410
737678689543020544,1223,4720
737445876994609152,4129,9614
737322739594330112,748,3373
737310737551491075,6855,13718
736736130620620800,1578,3954
736392552031657984,6783,16605
736365877722001409,1140,3736
736225175608430592,2589,7613
736010884653420544,2747,7362
735991953473572864,1048,3348
735648611367784448,1031,3790
735635087207878657,2178,5769
735274964362878976,4628,12233
735256018284875776,817,3128
735137028879360001,896,2939
734912297295085568,487,2588
734787690684657664,5858,11744
734776360183431168,495,2367
734559631394082816,362,1397
733828123016450049,727,3348
733822306246479872,951,3447
733482008106668032,865,2927
733460102733135873,1164,3925
733109485275860992,15786,50100
732732193018155009,491,2275
732726085725589504,815,3347
732585889486888962,721,3419
732375214819057664,2319,7559
732005617171337216,4957,13939
731285275100512256,920,3280
731156023742988288,1166,3599
730924654643314689,1824,5740
730573383004487680,1958,4545
730427201120833536,959,3262
730211855403241472,975,3555
730196704625098752,1730,4500
729854734790754305,1038,3778
729838605770891264,347,1625
729823566028484608,1150,3707
729463711119904772,2134,5403
729113531270991872,293,1762
728986383096946689,748,2929
728760639972315136,1575,4363
728751179681943552,626,2592
728653952833728512,961,3101
728409960103686147,1855,4590
728387165835677696,889,3475
728046963732717569,1104,4002
728035342121635841,1542,4244
728015554473250816,1016,3860
727685679342333952,585,2786
727644517743104000,1616,5482
727524757080539137,1110,4189
727314416056803329,685,3117
727286334147182592,763,2870
727175381690781696,1268,3644
727155742655025152,1219,3383
726935089318363137,2253,6413
726887082820554753,1394,3589
726828223124897792,934,3353
726224900189511680,1058,4147
725842289046749185,2462,6632
725786712245440512,1267,3913
725729321944506368,1637,4866
725458796924002305,568,1325
724983749226668032,1191,3497
724771698126512129,577,2198
724405726123311104,1540,4939
724049859469295616,1652,4050
724046343203856385,521,2503
724004602748780546,1415,3905
723912936180330496,1148,3653
723688335806480385,2687,7169
723673163800948736,829,2837
723179728551723008,1725,4935
722974582966214656,1458,3836
722613351520608256,1517,4649
721503162398597120,1673,4304
721001180231503872,565,2379
720785406564900865,711,2891
720775346191278080,595,2301
720415127506415616,1389,3872
720389942216527872,2299,5964
720340705894408192,901,2674
720059472081784833,1039,3609
720043174954147842,1861,4643
719991154352222208,1614,4551
719704490224398336,1317,4258
719551379208073216,1751,4726
719367763014393856,697,2632
719339463458033665,1143,4176
719332531645071360,878,3229
718971898235854848,1001,3255
718939241951195136,1619,4895
718631497683582976,7380,17651
718613305783398402,438,2293
718540630683709445,943,2290
718460005985447936,484,2539
718454725339934721,1401,4562
718246886998687744,456,1788
718234618122661888,926,3628
717841801130979328,555,2309
717790033953034240,1005,2675
717537687239008257,1702,5411
717428917016076293,415,1513
717421804990701568,773,2934
717047459982213120,1770,5891
717009362452090881,889,3032
716802964044845056,1075,4030
716791146589110272,1470,7767
716730379797970944,403,1152
716447146686459905,5418,12221
716439118184652801,195,2238
716285507865542656,979,2597
716080869887381504,1748,6356
715928423106027520,809,2989
715758151270801409,1315,3476
715733265223708672,1561,4372
715704790270025728,526,2607
715696743237730304,1192,3679
715680795826982913,1477,4025
715360349751484417,1437,5116
715342466308784130,636,2846
715220193576927233,600,2262
715200624753819648,1727,4835
715009755312439296,1132,3890
714982300363173890,952,3489
714962719905021952,3930,6885
714957620017307648,1302,3884
714631576617938945,918,3068
714606013974974464,854,3408
714485234495041536,1036,2497
714258258790387713,682,2860
714251586676113411,777,3082
714214115368108032,811,2143
714141408463036416,1305,4067
713919462244790272,736,3094
713909862279876608,498,1779
713900603437621249,679,2662
713761197720473600,1260,4542
713411074226274305,1205,4156
713177543487135744,2647,6763
713175907180089344,1357,4159
712809025985978368,6198,17845
712717840512598017,4590,11524
712668654853337088,1122,3892
712438159032893441,1445,4991
712309440758808576,24,223
712097430750289920,958,3537
712092745624633345,830,2749
712085617388212225,449,3072
712065007010385924,580,2102
711998809858043904,122,0
711968124745228288,2135,7543
711743778164514816,923,2669
711732680602345472,3770,8235
711694788429553666,16956,30779
711652651650457602,839,3610
711363825979756544,1044,3382
711306686208872448,687,3099
711008018775851008,569,2797
710997087345876993,1279,4289
710844581445812225,631,2391
710833117892898816,492,2517
710658690886586372,528,2177
710609963652087808,2198,4500
710588934686908417,1729,4248
710296729921429505,682,2242
710283270106132480,489,2028
710272297844797440,1165,4221
710269109699739648,1032,2240
710153181850935296,830,2731
710140971284037632,822,2564
710117014656950272,1829,5105
709918798883774466,1008,3285
709901256215666688,96,616
709852847387627521,1114,3280
709566166965075968,1107,3322
709556954897764353,995,3075
709519240576036864,221,1407
709449600415961088,531,2060
709409458133323776,639,2480
709225125749587968,530,2249
709207347839836162,5305,11636
709198395643068416,598,2300
709179584944730112,623,1891
709158332880297985,376,1906
709042156699303936,1512,4420
708853462201716736,603,1693
708845821941387268,828,2782
708834316713893888,465,1580
708810915978854401,6386,15469
708738143638450176,756,2583
708711088997666817,659,2371
708479650088034305,635,2383
708469915515297792,751,2901
708400866336894977,9261,14924
708356463048204288,1226,3355
708349470027751425,686,2219
708149363256774660,1440,4050
708130923141795840,797,3163
708119489313951744,911,2519
708109389455101952,514,1833
708026248782585858,1788,4136
707995814724026368,1036,2923
707983188426153984,2,46
707969809498152960,887,2532
707776935007539200,886,3077
707741517457260545,565,2330
707738799544082433,2251,3803
707693576495472641,927,3177
707629649552134146,802,2402
707610948723478529,5843,15905
707420581654872064,647,2108
707411934438625280,555,2158
707387676719185920,1174,3279
707377100785885184,999,3063
707315916783140866,593,2326
707297311098011648,723,2622
707059547140169728,628,2442
707038192327901184,732,2046
707021089608753152,1249,3812
707014260413456384,552,2156
706904523814649856,7251,13657
706901761596989440,536,1913
706681918348251136,905,3091
706644897839910912,1010,2389
706593038911545345,591,2024
706538006853918722,1327,3252
706516534877929472,949,2930
706346369204748288,862,3241
706310011488698368,7289,19886
706291001778950144,443,1600
706265994973601792,862,2567
706169069255446529,2044,3661
706166467411222528,1485,4813
706153300320784384,351,1390
705975130514706432,673,2910
705970349788291072,819,2981
705898680587526145,509,2231
705786532653883392,477,1826
705591895322394625,1055,2966
705475953783398401,850,2798
705442520700944385,1488,4131
705428427625635840,1549,3575
705239209544720384,690,2814
705223444686888960,737,2415
705102439679201280,481,2010
705066031337840642,563,2048
704871453724954624,1039,4030
704859558691414016,491,2113
704847917308362754,1402,4775
704819833553219584,912,2476
704761120771465216,2696,6233
704499785726889984,924,2709
704491224099647488,73,701
704480331685040129,997,3197
704364645503647744,3292,7474
704347321748819968,321,1477
704134088924532736,417,1409
704113298707505153,529,1744
704054845121142784,857,2751
703774238772166656,413,1738
703769065844768768,1044,3056
703631701117943808,612,2402
703611486317502464,1413,3607
703425003149250560,1253,3553
703407252292673536,640,2291
703382836347330562,1051,3273
703356393781329922,356,1804
703268521220972544,503,1854
703079050210877440,2863,6937
703041949650034688,11513,24734
702932127499816960,668,2413
702899151802126337,418,1509
702684942141153280,985,3035
702671118226825216,516,2047
702598099714314240,3186,11493
702539513671897089,889,2699
702332542343577600,1426,2974
702321140488925184,972,3084
702276748847800320,711,2318
702217446468493312,1246,4478
701981390485725185,913,3230
701952816642965504,948,3607
701889187134500865,1287,3320
701805642395348998,1540,3189
701601587219795968,426,1974
701570477911896070,867,2638
701545186879471618,567,2503
701214700881756160,4733,11464
700890391244103680,522,2079
700864154249383937,578,2440
700847567345688576,459,2317
700796979434098688,872,2285
700747788515020802,8606,21366
700518061187723268,738,2449
700505138482569216,534,2148
700462010979500032,1649,3850
700167517596164096,671,2473
700151421916807169,624,2094
700143752053182464,2496,7044
700062718104104960,629,2480
700029284593901568,539,1946
700002074055016451,1237,3085
699801817392291840,873,2821
699788877217865730,478,2099
699779630832685056,1138,2557
699775878809702401,557,1837
699691744225525762,4249,9620
699446877801091073,2437,5613
699434518667751424,473,2053
699423671849451520,297,1274
699413908797464576,583,1960
699370870310113280,401,1780
699323444782047232,794,2947
699088579889332224,576,2122
699079609774645248,596,2296
699072405256409088,1101,2776
699060279947165696,1659,3510
699036661657767936,1117,2441
698989035503689728,892,3123
698953797952008193,847,2526
698907974262222848,569,2381
698710712454139905,630,2313
698703483621523456,345,1345
698635131305795584,321,1219
698549713696649216,573,2189
698355670425473025,407,1729
698342080612007937,891,2119
698262614669991936,1828,4472
698195409219559425,5543,15762
698178924120031232,690,2632
697995514407682048,311,1434
697990423684476929,1194,3073
697943111201378304,625,2235
697881462549430272,1074,2836
697630435728322560,504,1625
697616773278015490,937,2929
697596423848730625,1163,2823
697575480820686848,465,1918
697516214579523584,1023,1910
697482927769255936,620,2275
697463031882764288,1293,3225
697270446429966336,1744,4434
697259378236399616,920,3095
697255105972801536,1078,2874
697242256848379904,627,2370
696900204696625153,956,2956
696894894812565505,632,2201
696886256886657024,1655,4526
696877980375769088,655,2293
696754882863349760,332,1391
696744641916489729,858,1930
696713835009417216,599,2220
696518437233913856,1599,3687
696490539101908992,129,1147
696488710901260288,949,2349
696405997980676096,1068,2999
696100768806522880,598,1811
695816827381944320,1071,2811
695794761660297217,721,2966
695767669421768709,677,1737
695629776980148225,1934,4279
695446424020918272,1687,4158
695409464418041856,3323,8145
695314793360662529,1330,3389
695095422348574720,565,2498
695074328191332352,1019,2661
695064344191721472,538,1501
695051054296211456,734,2480
694925794720792577,846,2538
694905863685980160,862,2580
694669722378485760,13310,33606
694356675654983680,261,1416
694352839993344000,558,1904
694342028726001664,447,1496
694329668942569472,464,1867
694206574471057408,1888,3889
694183373896572928,859,2766
694001791655137281,944,3198
693993230313091072,372,1770
693942351086120961,337,1645
693647888581312512,533,2524
693644216740769793,116,1285
693642232151285760,383,2394
693629975228977152,739,2294
693622659251335168,343,1441
693590843962331137,1815,4738
693582294167244802,229,1545
693486665285931008,582,1662
693280720173801472,1147,3141
693267061318012928,744,2232
693262851218264065,461,2070
693231807727280129,691,2715
693155686491000832,2966,7392
693109034023534592,562,1600
693095443459342336,419,1735
692919143163629568,710,2550
692905862751522816,814,2276
692901601640583168,555,1647
692894228850999298,732,2121
692828166163931137,824,2705
692752401762250755,3374,6401
692568918515392513,1430,4088
692535307825213440,1260,2950
692530551048294401,378,1730
692423280028966913,203,1394
692417313023332352,3203,8804
692187005137076224,762,2379
692158366030913536,738,2012
692142790915014657,362,1539
692041934689402880,1166,3175
692017291282812928,889,2722
691820333922455552,1531,3723
691793053716221953,3914,7616
691756958957883396,914,2651
691675652215414786,471,1832
691483041324204033,516,2237
691459709405118465,1047,3797
691444869282295808,771,2473
691416866452082688,7063,18165
691321916024623104,616,2429
691096613310316544,818,2803
691090071332753408,314,1629
690989312272396288,2666,5546
690959652130045952,1137,3363
690938899477221376,1790,3833
690932576555528194,933,3082
690735892932222976,1177,3557
690728923253055490,477,2034
690690673629138944,764,2189
690649993829576704,253,1226
690607260360429569,15,284
690597161306841088,560,1818
690400367696297985,419,1781
690374419777196032,783,3030
690360449368465409,814,2492
690348396616552449,478,1398
690248561355657216,376,1572
690021994562220032,947,2635
690015576308211712,678,2350
690005060500217858,1564,3440
689999384604450816,336,1332
689993469801164801,419,1371
689977555533848577,419,1287
689905486972461056,642,2303
689877686181715968,1072,2857
689835978131935233,700,2048
689661964914655233,866,3040
689659372465688576,3568,9698
689623661272240129,594,2075
689599056876867584,5129,10946
689557536375177216,420,1935
689517482558820352,1319,3197
689289219123089408,866,2112
689283819090870273,1024,3068
689280876073582592,649,1860
689275259254616065,232,1077
689255633275777024,1001,2401
689154315265683456,918,2897
689143371370250240,466,1893
688916208532455424,792,2538
688908934925697024,712,1971
688898160958271489,722,1963
688894073864884227,634,2097
688828561667567616,336,1292
688804835492233216,174,906
688789766343622656,615,2090
688547210804498433,646,2433
688519176466644993,675,2188
688385280030670848,4157,8701
688211956440801280,777,2112
688179443353796608,541,2011
688116655151435777,711,2660
688064179421470721,331,1630
687841446767013888,2304,5104
687826841265172480,1033,2566
687818504314159109,888,2325
687807801670897665,668,2233
687732144991551489,614,1650
687704180304273409,778,2280
687664829264453632,477,1821
687494652870668288,536,1787
687480748861947905,222,1503
687476254459715584,493,1852
687460506001633280,499,1934
687399393394311168,570,1776
687317306314240000,8510,18952
687312378585812992,1764,4091
687127927494963200,2091,5073
687124485711986689,470,2054
687109925361856513,2281,5451
687102708889812993,888,2196
687096057537363968,561,2109
686947101016735744,2963,8118
686760001961103360,1286,3296
686749460672679938,1341,3255
686730991906516992,1115,3870
686683045143953408,749,2651
686618349602762752,1265,3472
686606069955735556,504,1784
686394059078897668,641,1630
686386521809772549,814,3050
686377065986265092,523,2078
686358356425093120,609,2027
686286779679375361,1559,3790
686050296934563840,678,2094
686035780142297088,109,1080
686034024800862208,1062,2894
686007916130873345,373,2318
686003207160610816,570,1709
685973236358713344,483,1970
685943807276412928,546,1527
685906723014619143,2643,7007
685681090388975616,114,1919
685667379192414208,518,2214
685663452032069632,1361,3023
685641971164143616,706,2732
685547936038666240,14389,30852
685532292383666176,1061,2843
685325112850124800,3647,8822
685321586178670592,589,2491
685315239903100929,959,3089
685307451701334016,406,1956
685268753634967552,1097,2903
685198997565345792,609,2179
685169283572338688,1309,3852
684969860808454144,337,2250
684959798585110529,2876,6385
684940049151070208,960,2998
684926975086034944,428,3278
684914660081053696,1349,3280
684902183876321280,480,1749
684880619965411328,742,1958
684830982659280897,20073,32847
684800227459624960,924,2554
684594889858887680,3239,8339
684588130326986752,1304,3868
684567543613382656,1122,2804
684538444857667585,877,2477
684481074559381504,1092,3634
684460069371654144,515,1853
684241637099323392,3008,7609
684225744407494656,189,1170
684222868335505415,1262,3588
684200372118904832,965,2007
684195085588783105,466,1783
684188786104872960,1076,3284
684177701129875456,604,1895
684147889187209216,1401,2805
684122891630342144,433,1886
684097758874210310,1329,3855
683857920510050305,1040,3576
683852578183077888,322,1816
683849932751646720,869,2443
683834909291606017,1043,2458
683828599284170753,983,2622
683773439333797890,1243,3122
683742671509258241,3068,6061
683515932363329536,2668,6895
683498322573824003,892,2977
683481228088049664,923,2499
683462770029932544,629,2279
683449695444799489,1486,3631
683391852557561860,2213,7178
683357973142474752,841,2720
683142553609318400,961,2687
683111407806746624,835,3188
683098815881154561,600,2034
683078886620553216,524,1886
683030066213818368,687,2028
682962037429899265,15140,34342
682808988178739200,157,1654
682788441537560576,1035,2321
682750546109968385,404,1421
682697186228989953,339,1232
682662431982772225,1004,2862
682638830361513985,549,1941
682429480204398592,1068,3226
682406705142087680,1618,7083
682393905736888321,613,2106
682389078323662849,436,1572
682303737705140231,902,2876
682259524040966145,1105,3876
682242692827447297,1063,3031
682088079302213632,9059,17048
682059653698686977,1561,4612
682047327939461121,864,3002
682032003584274432,1847,6158
682003177596559360,1388,2912
681981167097122816,941,2631
681891461017812993,762,2308
681694085539872773,3770,12009
681679526984871937,407,1665
681654059175129088,836,2462
681610798867845120,430,1773
681579835668455424,1200,3310
681523177663676416,5300,13359
681340665377193984,250,1541
681339448655802368,3766,8694
681320187870711809,683,2461
681302363064414209,1666,3665
681297372102656000,878,3012
681281657291280384,1017,3027
681261549936340994,245,1357
681242418453299201,484,1393
681231109724700672,455,2266
681193455364796417,1365,3465
680970795137544192,600,2247
680959110691590145,1850,4286
680940246314430465,955,2974
680934982542561280,404,1955
680913438424612864,571,2252
680889648562991104,335,1639
680836378243002368,1218,3230
680805554198020098,621,2016
680801747103793152,756,2225
680798457301471234,954,2645
680609293079592961,646,2457
680583894916304897,1218,3369
680497766108381184,1772,3949
680494726643068929,448,1599
680473011644985345,693,2386
680440374763077632,459,1354
680221482581123072,272,1391
680206703334408192,1075,2641
680191257256136705,456,2015
680176173301628928,1424,3617
680161097740095489,681,2173
680145970311643136,1600,3390
680130881361686529,869,2141
680115823365742593,845,2541
680100725817409536,1273,3359
680085611152338944,8302,11950
680070545539371008,793,2428
679877062409191424,597,1842
679872969355714560,610,2051
679862121895714818,566,2297
679854723806179328,1130,2657
679844490799091713,700,2224
679828447187857408,12846,33707
679777920601223168,1012,2899
679736210798047232,730,1949
679729593985699840,767,2026
679722016581222400,433,1559
679530280114372609,1923,4450
679527802031484928,664,2457
679511351870550016,1166,3125
679503373272485890,1356,2954
679475951516934144,594,1949
679462823135686656,17248,29332
679405845277462528,1093,2208
679158373988876288,7371,19736
679148763231985668,952,2591
679132435750195208,1057,2760
679111216690831360,2364,5519
679062614270468097,7340,15736
679047485189439488,601,2088
679001094530465792,1120,2648
678991772295516161,1045,2117
678969228704284672,420,1526
678800283649069056,830,2387
678798276842360832,1054,3204
678774928607469569,834,2607
678767140346941444,1255,3275
678764513869611008,429,1508
678755239630127104,2989,6578
678740035362037760,1514,3445
678708137298427904,2232,5213
678675843183484930,1340,2640
678643457146150913,365,1902
678446151570427904,1398,3716
678424312106393600,2335,5070
678410210315247616,1639,3899
678399652199309312,29123,74618
678396796259975168,381,1473
678389028614488064,386,1731
678380236862578688,836,2270
678341075375947776,481,1594
678334497360859136,228,1197
678278586130948096,5593,10599
678255464182861824,337,1475
678023323247357953,347,1767
678021115718029313,5741,12581
677961670166224897,1555,3171
677918531514703872,375,1242
677895101218201600,1884,4461
677716515794329600,896,2824
677700003327029250,1317,3158
677698403548192770,293,1136
677687604918272002,775,2309
677673981332312066,1374,3088
677662372920729601,862,1808
677644091929329666,744,1737
677573743309385728,624,1972
677565715327688705,420,1211
677557565589463040,1046,2270
677547928504967168,3357,6424
677530072887205888,209,984
677335745548390400,1577,2799
677334615166730240,257,1253
677331501395156992,213,1002
677328882937298944,1375,3389
677314812125323265,481,1527
677301033169788928,362,1130
677269281705472000,648,1830
677228873407442944,1496,3265
677187300187611136,831,2530
676975532580409345,972,2567
676957860086095872,735,2067
676949632774234114,360,1206
676948236477857792,787,1987
676946864479084545,335,1604
676942428000112642,680,1906
676936541936185344,4510,11793
676916996760600576,1650,2739
676897532954456065,658,2080
676864501615042560,644,1933
676821958043033607,14066,21072
676819651066732545,605,1679
676811746707918848,391,1329
676776431406465024,1833,4595
676617503762681856,870,2661
676613908052996102,184,1000
676606785097199616,395,1751
676603393314578432,348,1064
676593408224403456,1946,4197
676590572941893632,113,852
676588346097852417,714,2115
676582956622721024,252,1095
676575501977128964,1017,2379
676533798876651520,502,1725
676496375194980353,475,1402
676470639084101634,4258,10758
676440007570247681,604,1593
676430933382295552,308,1281
676263575653122048,491,1920
676237365392908289,255,1111
676219687039057920,28150,70609
676215927814406144,526,1599
676191832485810177,938,2091
676146341966438401,606,1780
676121918416756736,1050,1986
676101918813499392,1064,2613
676098748976615425,1274,2723
676089483918516224,399,1209
675898130735476737,517,1482
675891555769696257,777,1957
675888385639251968,852,2161
675878199931371520,1268,3832
675870721063669760,512,1497
675853064436391936,1163,2469
675849018447167488,127,878
675845657354215424,793,2090
675822767435051008,484,1404
675820929667219457,215,971
675798442703122432,3115,9464
675781562965868544,426,1486
675740360753160193,302,1082
675710890956750848,734,1723
675707330206547968,618,1811
675706639471788032,86,594
675534494439489536,369,1686
675531475945709568,342,1085
675522403582218240,254,952
675517828909424640,415,1173
675501075957489664,5309,15799
675497103322386432,1169,2865
675489971617296384,537,1177
675483430902214656,876,1687
675432746517426176,513,1383
675372240448454658,467,1547
675362609739206656,199,964
675354435921575936,15117,29850
675349384339542016,2043,3584
675334060156301312,1157,2519
675166823650848770,1401,3230
675153376133427200,2300,5694
675149409102012420,1528,3414
675147105808306176,204,856
675146535592706048,260,1078
675145476954566656,800,1942
675135153782571009,421,1182
675113801096802304,699,1767
675111688094527488,220,877
675109292475830276,1010,2555
675047298674663426,282,949
675015141583413248,1063,2466
675006312288268288,206,893
675003128568291329,417,1414
674999807681908736,979,2033
674805413498527744,321,781
674800520222154752,768,2737
674793399141146624,976,2271
674790488185167872,222,1008
674788554665512960,184,731
674781762103414784,1070,1827
674774481756377088,420,1004
674767892831932416,704,1655
674764817387900928,204,711
674754018082705410,392,1239
674752233200820224,410,1329
674743008475090944,481,1277
674742531037511680,46,439
674739953134403584,337,986
674737130913071104,81,591
674690135443775488,419,1043
674670581682434048,583,1476
674664755118911488,211,830
674646392044941312,435,1301
674644256330530816,251,944
674638615994089473,526,1532
674632714662858753,514,1365
674606911342424069,87,848
674468880899788800,1819,5660
674447403907457024,316,968
674436901579923456,350,1010
674422304705744896,480,1303
674416750885273600,120,626
674410619106390016,411,1089
674394782723014656,503,1360
674372068062928900,283,778
674330906434379776,68,520
674318007229923329,459,1279
674307341513269249,6171,10311
674291837063053312,5241,13397
674271431610523648,659,1417
674269164442398721,208,836
674265582246694913,747,1484
674262580978937856,397,1195
674255168825880576,482,1329
674082852460433408,148,693
674075285688614912,251,904
674063288070742018,1942,5825
674053186244734976,1153,2993
674051556661161984,441,1316
674045139690631169,575,1284
674042553264685056,114,646
674038233588723717,375,1000
674036086168010753,184,774
674024893172875264,1104,1607
674019345211760640,271,1031
674014384960745472,572,1422
674008982932058114,313,1101
673956914389192708,856,1779
673919437611909120,331,1068
673906403526995968,1472,2896
673887867907739649,226,854
673716320723169284,681,2817
673715861853720576,1841,3205
673711475735838725,270,952
673709992831262724,240,764
673708611235921920,261,971
673707060090052608,352,1004
673705679337693185,365,1142
673700254269775872,512,1301
673697980713705472,1731,3575
673689733134946305,587,1571
673688752737402881,445,1143
673686845050527744,387,1298
673680198160809984,422,1245
673662677122719744,335,1143
673656262056419329,208,658
673636718965334016,325,1007
673612854080196609,647,1440
673583129559498752,320,1084
673580926094458881,245,753
673576835670777856,501,1251
673363615379013632,269,935
673359818736984064,605,1315
673355879178194945,509,1362
673352124999274496,479,1512
673350198937153538,187,693
673345638550134785,1128,2264
673343217010679808,242,876
673342308415348736,507,1159
673320132811366400,6989,12167
673317986296586240,221,801
673295268553605120,2814,6838
673270968295534593,322,971
673240798075449344,631,1295
673213039743795200,740,2005
673148804208660480,559,1520
672997845381865473,638,1780
672995267319328768,262,856
672988786805112832,258,885
672984142909456390,482,1131
672980819271634944,903,1652
672975131468300288,800,1520
672970152493887488,317,855
672968025906282496,484,1202
672964561327235073,574,1279
672902681409806336,437,1246
672898206762672129,372,808
672884426393653248,751,1390
672877615439593473,316,927
672834301050937345,512,1180
672828477930868736,431,1125
672640509974827008,283,889
672622327801233409,429,1173
672614745925664768,524,1110
672609152938721280,344,987
672604026190569472,349,990
672594978741354496,543,1195
672591762242805761,292,859
672591271085670400,166,651
672538107540070400,324,922
672523490734551040,149,560
672488522314567680,383,1013
672482722825261057,533,1008
672481316919734272,116,650
672475084225949696,625,1315
672466075045466113,463,1218
672272411274932228,2998,5817
672267570918129665,544,1344
672264251789176834,295,1026
672256522047614977,1347,2557
672254177670729728,666,1301
672248013293752320,531,1568
672245253877968896,138,618
672239279297454080,283,814
672231046314901505,901,1645
672222792075620352,180,713
672205392827572224,1026,2027
672169685991993344,326,923
672160042234327040,311,787
672139350159835138,614,1574
672125275208069120,1012,2147
672095186491711488,331,891
672082170312290304,325,851
672068090318987265,451,1158
671896809300709376,3734,7729
671891728106971137,502,1190
671882082306625538,1243,3159
671879137494245376,590,1278
671874878652489728,491,1128
671866342182637568,429,1013
671855973984772097,383,807
671789708968640512,3064,6411
671768281401958400,441,1075
671763349865160704,800,1516
671744970634719232,677,1231
671743150407421952,208,684
671735591348891648,673,1312
671729906628341761,3878,7650
671561002136281088,6440,11584
671550332464455680,189,822
671547767500775424,511,1222
671544874165002241,912,1757
671542985629241344,495,979
671538301157904385,341,846
671536543010570240,357,1059
671533943490011136,512,911
671528761649688577,226,754
671520732782923777,466,1247
671518598289059840,260,848
671511350426865664,619,1443
671504605491109889,3197,6331
671497587707535361,404,837
671488513339211776,427,899
671486386088865792,177,521
671485057807351808,204,689
671390180817915904,670,1299
671362598324076544,265,999
671357843010908160,136,358
671355857343524864,107,432
671347597085433856,379,855
671186162933985280,184,653
671182547775299584,294,995
671166507850801152,309,788
671163268581498880,985,1483
671159727754231808,71,319
671154572044468225,193,633
671151324042559489,135,595
671147085991960577,198,595
671141549288370177,580,1038
671138694582165504,353,832
671134062904504320,168,660
671122204919246848,2232,3129
671115716440031232,691,1236
671109016219725825,387,1029
670995969505435648,252,987
670842764863651840,7710,22402
670840546554966016,169,526
670838202509447168,610,1000
670833812859932673,111,385
670832455012716544,188,659
670826280409919488,3581,4946
670823764196741120,165,689
670822709593571328,84,549
670815497391357952,1349,2826
670811965569282048,236,1005
670807719151067136,437,1059
670804601705242624,842,1771
670803562457407488,81,310
670797304698376195,209,668
670792680469889025,240,742
670789397210615808,212,592
670786190031921152,175,540
670783437142401025,342,750
670782429121134593,673,1383
670780561024270336,257,715
670778058496974848,63,302
670764103623966721,380,974
670755717859713024,93,396
670733412878163972,458,865
670727704916926465,320,747
670717338665226240,426,1075
670704688707301377,327,700
670691627984359425,216,530
670679630144274432,251,674
670676092097810432,36,220
670668383499735048,4414,9596
670474236058800128,650,1358
670468609693655041,79,323
670465786746662913,483,876
670452855871037440,180,497
670449342516494336,581,1093
670444955656130560,1770,6152
670442337873600512,178,585
670435821946826752,454,958
670434127938719744,573,1281
670433248821026816,101,299
670428280563085312,538,1261
670427002554466305,144,472
670421925039075328,563,1164
670420569653809152,277,551
670417414769758208,291,513
670411370698022913,789,1824
670408998013820928,194,496
670403879788544000,133,387
670385711116361728,180,507
670374371102445568,241,684
670361874861563904,58,297
670338931251150849,99,387
670319130621435904,1090,3528
670303360680108032,113,395
670290420111441920,255,633
670093938074779648,289,926
670086499208155136,224,631
670079681849372674,1079,1995
670073503555706880,694,1408
670069087419133954,210,561
670061506722140161,297,679
670055038660800512,286,601
670046952931721218,157,580
670040295598354432,100,676
670037189829525505,245,532
670003130994700288,83,298
669993076832759809,73,294
669972011175813120,138,405
669970042633789440,48,273
669942763794931712,139,454
669926384437997569,84,344
669923323644657664,53,207
669753178989142016,349,719
669749430875258880,58,230
669684865554620416,76,456
669683899023405056,96,344
669682095984410625,120,316
669680153564442624,250,599
669661792646373376,375,725
669625907762618368,1603,3174
669603084620980224,321,863
669597912108789760,135,456
669583744538451968,825,1342
669573570759163904,121,395
669571471778410496,900,1434
669567591774625800,46,208
669564461267722241,105,347
669393256313184256,62,320
669375718304980992,643,1198
669371483794317312,151,445
669367896104181761,135,413
669363888236994561,203,563
669359674819481600,104,337
669354382627049472,1117,2428
669353438988365824,231,573
669351434509529089,162,387
669328503091937280,373,918
669327207240699904,108,513
669324657376567296,187,444
669216679721873412,356,1076
669214165781868544,138,393
669203728096960512,414,905
669037058363662336,273,585
669015743032369152,329,664
669006782128353280,214,523
669000397445533696,5619,18970
668994913074286592,198,393
668992363537309700,297,667
668989615043424256,296,605
668988183816871936,399,813
668986018524233728,144,490
668981893510119424,268,494
668979806671884288,301,719
668975677807423489,511,1168
668967877119254528,18,129
668960084974809088,215,629
668955713004314625,64,245
668932921458302977,50,230
668902994700836864,90,284
668892474547511297,131,362
668872652652679168,271,480
668852170888998912,142,415
668826086256599040,117,388
668815180734689280,230,506
668779399630725120,327,644
668655139528511488,194,479
668645506898350081,466,793
668643542311546881,458,796
668641109086707712,477,961
668636665813057536,440,934
668633411083464705,1407,2512
668631377374486528,287,635
668627278264475648,100,286
668625577880875008,113,339
668623201287675904,661,1270
668620235289837568,35,186
668614819948453888,280,554
668587383441514497,942,1500
668567822092664832,49,210
668544745690562560,202,460
668542336805281792,183,405
668537837512433665,63,229
668528771708952576,195,414
668507509523615744,90,286
668496999348633600,117,365
668484198282485761,210,377
668480044826800133,130,408
668466899341221888,452,790
668297328638447616,260,566
668291999406125056,29,218
668286279830867968,123,449
668274247790391296,205,741
668268907921326080,209,495
668256321989451776,532,1166
668248472370458624,414,857
668237644992782336,2485,5554
668226093875376128,89,259
668221241640230912,174,459
668204964695683073,176,499
668190681446379520,176,582
668171859951755264,163,436
668154635664932864,278,449
668142349051129856,246,516
668113020489474048,211,601
667937095915278337,707,1127
667924896115245057,97,269
667915453470232577,49,189
667911425562669056,254,438
667902449697558528,344,776
667886921285246976,936,1676
667885044254572545,411,745
667878741721415682,105,355
667873844930215936,352,563
667866724293877760,916,2751
667861340749471744,72,224
667832474953625600,56,263
667806454573760512,430,943
667801013445750784,83,290
667793409583771648,291,622
667782464991965184,214,367
667773195014021121,46,210
667766675769573376,193,385
667728196545200128,130,331
667724302356258817,277,435
667550904950915073,29,0
667550882905632768,26,0
667549055577362432,1991,5187
667546741521195010,110,306
667544320556335104,471,774
667538891197542400,58,178
667534815156183040,459,730
667530908589760512,209,419
667524857454854144,987,1527
667517642048163840,170,336
667509364010450944,1889,6171
667502640335572993,196,491
667495797102141441,234,467
667491009379606528,196,466
667470559035432960,85,227
667455448082227200,53,174
667453023279554560,75,284
667443425659232256,505,692
667437278097252352,208,405
667435689202614272,78,273
667405339315146752,199,421
667393430834667520,50,172
667369227918143488,147,333
667211855547486208,213,435
667200525029539841,231,556
667192066997374976,87,338
667188689915760640,346,659
667182792070062081,5382,12760
667177989038297088,50,171
667176164155375616,395,533
667174963120574464,70,222
667171260800061440,72,188
667165590075940865,995,2410
667160273090932737,53,227
667152164079423490,14895,42901
667138269671505920,1911,4073
667119796878725120,112,293
667090893657276420,108,296
667073648344346624,105,359
667070482143944705,13,74
667065535570550784,40,146
667062181243039745,45,195
667044094246576128,43,167
667012601033924608,192,401
666996132027977728,80,216
666983947667116034,858,2289
666837028449972224,479,715
666835007768551424,68,187
666826780179869698,81,226
666817836334096384,217,454
666804364988780544,79,207
666786068205871104,419,666
666781792255496192,171,337
666776908487630848,151,309
666739327293083650,60,210
666701168228331520,186,377
666691418707132416,42,160
666649482315059201,541,1004
666644823164719104,71,212
666454714377183233,184,452
666447344410484738,19,93
666437273139982337,41,106
666435652385423360,42,140
666430724426358785,166,280
666428276349472768,67,141
666421158376562688,94,280
666418789513326592,39,109
666411507551481857,271,377
666407126856765440,30,95
666396247373291520,69,149
666373753744588802,75,165
666362758909284353,478,662
666353288456101888,58,181
666345417576210432,126,253
666337882303524864,80,168
666293911632134144,298,436
666287406224695296,57,125
666273097616637952,68,153
666268910803644416,34,91
666104133288665088,5591,13106
666102155909144576,11,67
666099513787052032,54,136
666094000022159362,64,143
666082916733198337,38,96
666073100786774016,134,276
666071193221509120,51,130
666063827256086533,182,409
666058600524156928,48,101
666057090499244032,114,255
666055525042405380,200,380
666051853826850816,721,1050
666050758794694657,50,118
666049248165822465,37,91
666044226329800704,117,251
666033412701032449,36,102
666029285002620928,39,115
666020888022790149,431,2312
